0 0.6634615384615384 0.31009615384615385 0.125 0.21634615384615385
0 0.38520432692307693 0.4284855769230769 0.1117548076923077 0.1310096153846154
0 0.3449519230769231 0.046875 0.18509615384615385 0.09375
0 0.11200721153846153 0.4857572115384615 0.17112980769230768 0.13497596153846153
0 0.609375 0.5853365384615384 0.2091346153846154 0.15144230769230768
0 0.21995192307692307 0.7211538461538461 0.1658653846153846 0.19230769230769232
0 0.6802884615384616 0.7560096153846154 0.15865384615384615 0.1658653846153846
0 0.31971153846153844 0.8569711538461539 0.17307692307692307 0.18990384615384615
0 0.8767067307692307 0.09204326923076923 0.11879807692307692 0.11197115384615385
0 0.8617788461538461 0.9326923076923077 0.18990384615384615 0.12980769230769232
0 0.6792307692307692 0.12448317307692307 0.12288461538461538 0.13358173076923077