0 0.16105769230769232 0.2824519230769231 0.125 0.13701923076923078
0 0.051682692307692304 0.33413461538461536 0.10336538461538461 0.12980769230769232
0 0.9483173076923077 0.4074519230769231 0.0985576923076923 0.15144230769230768
0 0.6322115384615384 0.042067307692307696 0.08173076923076923 0.08413461538461539
0 0.13341346153846154 0.4362980769230769 0.10817307692307693 0.15144230769230768
0 0.6730769230769231 0.4519230769230769 0.16346153846153846 0.21634615384615385
0 0.359375 0.49278846153846156 0.18028846153846154 0.27403846153846156
0 0.90625 0.7836538461538461 0.14423076923076922 0.125
0 0.7536057692307693 0.7860576923076923 0.0985576923076923 0.12980769230769232
0 0.14543269230769232 0.8834134615384616 0.18509615384615385 0.2283653846153846
0 0.7956730769230769 0.9158653846153846 0.13942307692307693 0.16346153846153846
0 0.18990384615384615 0.13822115384615385 0.12980769230769232 0.18990384615384615
0 0.33774038461538464 0.23798076923076922 0.1658653846153846 0.1971153846153846