0 0.6319591346153846 0.39242788461538464 0.15334134615384615 0.203125
0 0.8028846153846154 0.44591346153846156 0.1875 0.24278846153846154
0 0.30528846153846156 0.04927884615384615 0.20192307692307693 0.0985576923076923
0 0.6199399038461538 0.5546514423076924 0.1293028846153846 0.12853365384615384
0 0.07572115384615384 0.05889423076923077 0.15144230769230768 0.11778846153846154
0 0.11057692307692307 0.65625 0.15384615384615385 0.1971153846153846
0 0.28846153846153844 0.7139423076923077 0.1875 0.19230769230769232
0 0.8859134615384616 0.8714663461538461 0.19971153846153847 0.18043269230769232
0 0.5096153846153846 0.9375 0.14423076923076922 0.1201923076923077
0 0.9167668269230769 0.10004807692307692 0.13161057692307693 0.16644230769230767
0 0.24879807692307693 0.23076923076923078 0.18509615384615385 0.19230769230769232