0 0.2934735576923077 0.24544471153846154 0.11579326923076924 0.1255048076923077
0 0.6574519230769231 0.33052884615384615 0.1658653846153846 0.20432692307692307
0 0.3619711538461538 0.36680288461538463 0.10375 0.11341346153846153
0 0.8394591346153847 0.37080528846153843 0.15487980769230772 0.14064903846153845
0 0.2197716346153846 0.459326923076923 0.13185096153846154 0.1398076923076923
0 0.5144230769230769 0.47836538461538464 0.1346153846153846 0.15384615384615385
0 0.6766826923076923 0.5564903846153846 0.11778846153846154 0.15625
0 0.9110576923076923 0.05889423076923077 0.10576923076923077 0.08413461538461539
0 0.41225961538461536 0.5961538461538461 0.20432692307692307 0.20192307692307693
0 0.09198317307692308 0.6920432692307692 0.11185096153846154 0.11004807692307693
0 0.8626923076923076 0.6992427884615384 0.12442307692307691 0.1340625
0 0.8410576923076923 0.8458413461538462 0.1580769230769231 0.16764423076923077
0 0.609375 0.8689903846153846 0.16105769230769232 0.21394230769230768
0 0.47716346153846156 0.9387019230769231 0.14182692307692307 0.11778846153846154
0 0.9543269230769231 0.9399038461538461 0.08653846153846154 0.11538461538461539
0 0.125 0.1045673076923077 0.16826923076923078 0.20432692307692307
0 0.5552884615384616 0.11899038461538461 0.16346153846153846 0.1466346153846154
0 0.734375 0.18509615384615385 0.13221153846153846 0.15865384615384615
0 0.9350961538461539 0.19471153846153846 0.125 0.14423076923076922