0 0.055288461538461536 0.0733173076923077 0.11057692307692307 0.1466346153846154
0 0.8389423076923077 0.04807692307692308 0.21634615384615385 0.09615384615384616
0 0.5817307692307693 0.05889423076923077 0.125 0.11778846153846154
0 0.7427884615384616 0.11778846153846154 0.19230769230769232 0.15384615384615385
0 0.6009615384615384 0.27524038461538464 0.17307692307692307 0.18509615384615385
0 0.29086538461538464 0.40865384615384615 0.18269230769230768 0.20192307692307693
0 0.59375 0.4519230769230769 0.36538461538461536 0.22596153846153846
0 0.9771634615384616 0.515625 0.040865384615384616 0.2620192307692308
0 0.3389423076923077 0.6382211538461539 0.25961538461538464 0.31971153846153844
0 0.9915865384615384 0.7956730769230769 0.01201923076923077 0.17307692307692307
0 0.021634615384615384 0.8822115384615384 0.04326923076923077 0.23076923076923078
0 0.13822115384615385 0.9134615384615384 0.2764423076923077 0.16826923076923078
0 0.5877403846153846 0.9350961538461539 0.15625 0.125