0 0.051682692307692304 0.27283653846153844 0.10336538461538461 0.1466346153846154
0 0.3762019230769231 0.3389423076923077 0.1466346153846154 0.16826923076923078
0 0.25 0.36177884615384615 0.10576923076923077 0.14182692307692307
0 0.09735576923076923 0.4338942307692308 0.10817307692307693 0.13221153846153846
0 0.3713942307692308 0.051682692307692304 0.20432692307692307 0.10336538461538461
0 0.90625 0.6370192307692307 0.16346153846153846 0.1875
0 0.15745192307692307 0.6418269230769231 0.12740384615384615 0.16826923076923078
0 0.375 0.6466346153846154 0.14903846153846154 0.15384615384615385
0 0.6838942307692307 0.7512019230769231 0.13701923076923078 0.17548076923076922
0 0.8413461538461539 0.13942307692307693 0.19230769230769232 0.1875
0 0.9699519230769231 0.15384615384615385 0.055288461538461536 0.1971153846153846