0 0.44591346153846156 0.25841346153846156 0.18990384615384615 0.17067307692307693
0 0.8341346153846154 0.2668269230769231 0.2644230769230769 0.20673076923076922
0 0.651201923076923 0.4068269230769231 0.009134615384615383 0.0011538461538461537
0 0.30228365384615385 0.4252764423076923 0.14302884615384615 0.1534375
0 0.7391826923076923 0.5288461538461539 0.18990384615384615 0.24519230769230768
0 0.21875 0.6177884615384616 0.17307692307692307 0.1971153846153846
0 0.9206730769230769 0.6574519230769231 0.15384615384615385 0.22355769230769232
0 0.43990384615384615 0.8930288461538461 0.19230769230769232 0.2091346153846154
0 0.5637019230769231 0.9362980769230769 0.13701923076923078 0.12259615384615384
0 0.29927884615384615 0.9543269230769231 0.16105769230769232 0.08653846153846154
0 0.06370192307692307 0.13822115384615385 0.12740384615384615 0.21394230769230768