0 0.5300480769230769 0.025240384615384616 0.12259615384615384 0.05048076923076923
0 0.6983173076923077 0.12980769230769232 0.13701923076923078 0.125
0 0.8221153846153846 0.34134615384615385 0.13942307692307693 0.1778846153846154
0 0.9939903846153846 0.5588942307692307 0.007211538461538462 0.0889423076923077
0 0.6165865384615384 0.6081730769230769 0.13701923076923078 0.1346153846153846
0 0.9362980769230769 0.6826923076923077 0.12259615384615384 0.13942307692307693
0 0.8161057692307693 0.6899038461538461 0.13221153846153846 0.1875
0 0.036057692307692304 0.7019230769230769 0.07211538461538461 0.12980769230769232
0 0.5108173076923077 0.8137019230769231 0.20432692307692307 0.17548076923076922
0 0.7331730769230769 0.9302884615384616 0.10096153846153846 0.09615384615384616
0 0.6682692307692307 0.9891826923076923 0.125 0.016826923076923076